4
5
8
11
10
12
13
9
14
17
15
18
21
19
23
22
25
27
30
28
32
33
34
36
35
37
39
41
40
31
46
44
48
50
49
51
52
53
43
55
57
64
65
62
66
59
68
69
71
72
67
73
75
78
76
79
81
84
83
82
85
86
87
89
90
91
93
96
98
94
101
99
97
102
104
107
106
109
105
110
108
112
114
113
116
118
120
121
123
124
126
129
128
131
132
134
142
135
140
136
145
148
143
146
150
151
153
152
156
154
157
158
164
162
171
165
176
196
204
200
201
206
207
208
303
305
306
300
215
317
307
313
314
340
341
357
367
377
321
350
417
416
423
427
426
437
447
436
