0
1
4
5
6
8
9
10
11
12
13
14
15
16
17
18
19
21
22
23
25
26
27
28
29
30
31
32
33
34
35
36
37
39
40
41
43
44
45
46
48
49
50
51
52
53
55
56
57
59
60
61
62
63
64
65
66
67
68
69
71
72
73
75
76
77
78
79
80
81
82
83
84
85
86
87
89
90
91
93
94
95
96
97
98
99
100
101
102
103
104
105
106
107
108
109
110
112
113
114
116
117
118
119
120
121
122
123
124
125
126
127
128
129
130
131
132
134
135
136
138
139
140
141
142
143
144
145
146
147
148
149
150
151
152
153
154
156
157
158
160
161
162
163
164
165
167
169
170
171
172
173
174
176
177
178
180
181
182
183
184
185
186
187
188
189
190
192
193
194
196
197
200
201
204
232
242
243
246
249
250
252
253
254
257
260
261
262
263
265
268
269
272
275
276
278
279
280
281
282
284
287
288
290
292
293
294
296
299
300
303
305
306
307
314
317
321
341
357
382
383
386
387
392
393
395
396
397
402
403
406
407
409
416
417
422
423
425
426
427
435
436
437
446
447
457
465
485
486
489
492
493
494
496
499
500
506
519
520
521
522
523
524
525
526
527
528
529
532
557
566
